LandisData PnETSpeciesParameters
PnETSpeciesParameters MaintResp FolN SLWmax TOfol HalfSat BFolResp EstMoist EstRad PsnTMin PsnTOpt PsnTMax FracFol FrActWd KWdLit AmaxA AmaxB H1 H2 H3 H4 K SLWDel FracBelowG 
EN    0.0015    0.5   220    0.3    200    0.1      1      0.84     1.6    18        28     0.1    0.00004   0.125 5.3  21.5 -3.3 2 100 140 0.5 0     0.33
EB 0.0015 0.75 220 0.33 220 0.08 1 0.83 1.7 19 28 0.1 0.00004 0.025 5.3 21.5 0 4 111 152 0.5 0 0.3
PG 0.0015 1 250 0.35 270 0.1 1 0.80 1.7 18 28 0.1  0.00004 0.025 5.3 21.5 0 4 118 160 0.5 0 0.4
SB 0.0015 0.7 160 0.33 180 0.1 1 0.85 2 19 29 0.1 0.00004 0.125 5.3 21.5 0 4 105 140 0.5 0 0.3
ML         0.0015           2.1               100            1              250                  0.08           1            0.80           1.5               20            29               0.048        0.00004            0.028          5.3            21.5       -3.3    2          105           145      0.5       0           0.33
BP 0.0015 2.15 110 1 270 0.1 1 0.80 2 20 30 0.033 0.00004 0.075 -46 71.9 0 4 100 140 0.58 0.2 0.35
PT 0.0015 2 120 1 270 0.1 1 0.80 2.5 20 31 0.032 0.00004 0.043 -46 71.9 0 4 110 150 0.58 0.2 0.33




